Hugo_Symbol	Frame_Shift_Del	Frame_Shift_Ins	In_Frame_Del	In_Frame_Ins	Missense_Mutation	Nonsense_Mutation	Splice_Site	total	MutatedSamples	AlteredSamples
FLT3	0	0	1	33	15	0	3	52	52	52
DNMT3A	4	0	0	0	39	5	6	54	48	48
NPM1	0	33	0	0	1	0	0	34	33	33
IDH2	0	0	0	0	20	0	0	20	20	20
IDH1	0	0	0	0	18	0	0	18	18	18
TET2	10	4	0	0	4	8	1	27	17	17
RUNX1	1	3	1	0	8	5	1	19	16	16
TP53	2	2	0	0	11	1	3	19	15	15
NRAS	0	0	0	0	15	0	0	15	15	15
CEBPA	6	2	2	6	2	1	0	19	13	13
WT1	1	7	0	0	2	0	2	12	12	12
PTPN11	0	0	0	0	9	0	0	9	9	9
KIT	1	1	0	1	7	0	0	10	8	8
KRAS	0	0	0	0	8	0	0	8	8	8
U2AF1	0	0	0	0	8	0	0	8	8	8
SMC3	0	0	0	0	5	1	1	7	7	7
PHF6	0	2	0	0	2	1	1	6	6	6
SMC1A	0	0	0	0	5	0	1	6	6	6
STAG2	0	0	0	0	0	3	3	6	6	6
TTN	0	0	0	1	5	0	0	6	6	6
FAM5C	0	0	0	0	6	0	0	6	5	5
ASXL1	1	1	0	0	0	2	1	5	5	5
RAD21	1	1	0	0	0	2	1	5	5	5
PLCE1	0	0	0	0	4	0	0	4	4	4
EZH2	0	2	0	0	1	0	1	4	3	3
CACNA1B	0	0	0	0	2	0	1	3	3	3
CACNA1E	0	0	0	0	3	0	0	3	3	3
COL12A1	0	0	0	0	2	0	1	3	3	3
CSMD1	1	0	0	0	2	0	0	3	3	3
DIS3	0	0	0	0	3	0	0	3	3	3
DNAH9	0	0	0	0	3	0	0	3	3	3
FCGBP	0	0	0	0	3	0	0	3	3	3
GBP4	0	0	0	0	2	0	1	3	3	3
KDM6A	0	0	0	0	2	0	1	3	3	3
MUC16	0	0	0	0	3	0	0	3	3	3
PTPRT	0	0	0	0	3	0	0	3	3	3
SMG1	0	0	0	0	3	0	0	3	3	3
SPEN	0	0	0	0	2	1	0	3	3	3
SUZ12	1	0	0	0	2	0	0	3	3	3
HNRNPK	1	0	0	0	0	0	2	3	2	2
MUC5B	0	0	0	0	3	0	0	3	2	2
ADAM11	0	0	0	0	2	0	0	2	2	2
APOB	0	0	0	0	2	0	0	2	2	2
ARAP2	0	0	0	0	1	0	1	2	2	2
ATP10B	0	0	0	0	2	0	0	2	2	2
BCOR	1	1	0	0	0	0	0	2	2	2
BMPER	0	0	0	0	2	0	0	2	2	2
BSN	0	0	0	0	2	0	0	2	2	2
C10orf28	0	0	0	0	2	0	0	2	2	2
CACNA2D3	0	0	0	0	1	1	0	2	2	2
CADM2	0	0	0	0	2	0	0	2	2	2
CADPS	0	0	0	0	1	0	1	2	2	2
CALR	0	1	0	0	0	0	1	2	2	2
CBFB	0	1	0	0	0	1	0	2	2	2
CBL	0	0	0	0	1	0	1	2	2	2
CD74	0	0	0	0	2	0	0	2	2	2
CECR2	0	0	0	0	2	0	0	2	2	2
CHD4	0	0	0	0	2	0	0	2	2	2
CMYA5	0	0	0	0	2	0	0	2	2	2
CNTN5	0	0	0	0	2	0	0	2	2	2
CNTNAP4	0	0	0	0	2	0	0	2	2	2
CRISPLD1	0	0	0	0	2	0	0	2	2	2
CSMD3	0	0	0	0	2	0	0	2	2	2
CUL1	0	0	0	0	2	0	0	2	2	2
DCLK1	0	0	0	0	2	0	0	2	2	2
DDR2	0	0	0	0	2	0	0	2	2	2
DDX41	0	0	0	0	1	0	1	2	2	2
DLC1	0	0	0	0	2	0	0	2	2	2
DOCK2	0	0	0	0	1	0	1	2	2	2
DRD2	0	0	0	0	1	0	1	2	2	2
DST	0	0	0	0	2	0	0	2	2	2
E2F8	0	0	0	0	1	1	0	2	2	2
EED	0	0	0	0	1	1	0	2	2	2
EGFR	0	0	0	0	2	0	0	2	2	2
ETV6	1	0	0	0	0	0	1	2	2	2
FAM154B	0	0	0	0	2	0	0	2	2	2
FAM40B	0	0	0	0	2	0	0	2	2	2
FAM57B	0	0	0	0	1	1	0	2	2	2
FAM65A	0	0	0	0	2	0	0	2	2	2
FRYL	0	0	0	0	1	0	1	2	2	2
GALNTL4	0	0	0	0	2	0	0	2	2	2
GATA2	0	0	0	0	2	0	0	2	2	2
GIGYF2	0	2	0	0	0	0	0	2	2	2
GJB3	0	0	0	0	1	1	0	2	2	2
GPR112	0	0	0	0	2	0	0	2	2	2
GRID1	0	0	0	0	1	1	0	2	2	2
GRIK2	0	0	0	0	2	0	0	2	2	2
GRIK4	0	0	0	0	2	0	0	2	2	2
GRM3	0	0	0	0	2	0	0	2	2	2
GRM8	0	0	0	0	2	0	0	2	2	2
GSTK1	0	0	0	0	2	0	0	2	2	2
HECW1	0	0	0	0	2	0	0	2	2	2
ILDR1	0	0	0	0	2	0	0	2	2	2
KCNA4	0	0	0	0	2	0	0	2	2	2
KCNK13	0	1	0	0	1	0	0	2	2	2
KCNU1	0	0	0	0	1	1	0	2	2	2
KDM3B	1	0	0	0	1	0	0	2	2	2
KDR	0	0	0	0	2	0	0	2	2	2
KIAA0240	0	0	0	0	2	0	0	2	2	2
KIAA1683	0	1	0	0	1	0	0	2	2	2
KIF2B	0	0	0	0	2	0	0	2	2	2
MAP2	0	0	0	0	2	0	0	2	2	2
MED12	0	0	0	0	1	1	0	2	2	2
MEFV	0	0	0	0	1	0	1	2	2	2
MTA2	0	0	0	0	2	0	0	2	2	2
MTMR8	0	0	0	0	2	0	0	2	2	2
MTUS2	0	0	0	0	2	0	0	2	2	2
NF1	0	0	0	0	1	1	0	2	2	2
NMUR2	0	0	0	0	2	0	0	2	2	2
NR2E1	0	0	0	0	2	0	0	2	2	2
NRXN3	0	0	0	0	2	0	0	2	2	2
OR11H12	0	0	0	0	2	0	0	2	2	2
OR13H1	0	0	0	0	2	0	0	2	2	2
PDCD2L	0	0	0	0	2	0	0	2	2	2
PHIP	0	1	0	0	1	0	0	2	2	2
PKHD1L1	0	0	0	0	2	0	0	2	2	2
PLEKHH1	0	0	0	0	2	0	0	2	2	2
PPP1R3A	0	0	0	0	2	0	0	2	2	2
PRAMEF2	0	0	0	0	2	0	0	2	2	2
PRPF8	0	0	0	0	2	0	0	2	2	2
PSME4	0	0	0	0	2	0	0	2	2	2
RBBP4	0	0	0	0	2	0	0	2	2	2
RBM16	0	0	0	0	2	0	0	2	2	2
RFC3	0	0	0	0	1	0	1	2	2	2
RIMS1	0	0	0	0	2	0	0	2	2	2
RNF213	0	0	0	0	2	0	0	2	2	2
RYR3	0	0	0	0	2	0	0	2	2	2
SCN1A	0	0	0	0	2	0	0	2	2	2
SEMA3A	0	0	0	0	2	0	0	2	2	2
SEMA4A	0	0	0	0	1	0	1	2	2	2
SETBP1	0	0	0	0	2	0	0	2	2	2
SI	0	0	0	0	2	0	0	2	2	2
TCEAL6	0	0	0	0	1	1	0	2	2	2
TET1	0	0	0	0	2	0	0	2	2	2
THRAP3	0	0	0	0	1	1	0	2	2	2
TNC	0	0	0	0	2	0	0	2	2	2
TOP3B	0	0	0	0	2	0	0	2	2	2
TRPM3	0	0	0	0	2	0	0	2	2	2
TTBK1	0	0	0	0	2	0	0	2	2	2
TUBA3C	0	0	0	0	2	0	0	2	2	2
UNC5B	0	0	0	0	2	0	0	2	2	2
WAC	0	1	0	0	0	0	1	2	2	2
ZBTB33	0	0	0	0	2	0	0	2	2	2
ZC3H18	0	0	0	0	1	1	0	2	2	2
ZNF687	0	0	0	0	2	0	0	2	2	2
CBX7	0	2	0	0	0	0	0	2	1	1
ABCA10	0	0	0	0	0	0	1	1	1	1
ABCA4	0	0	0	0	1	0	0	1	1	1
ABCB11	0	0	0	0	1	0	0	1	1	1
ABCC3	0	0	0	0	1	0	0	1	1	1
ABCF1	0	0	0	0	1	0	0	1	1	1
ABCG4	0	0	0	0	1	0	0	1	1	1
ABCG8	0	0	0	0	1	0	0	1	1	1
ABL1	0	0	0	0	1	0	0	1	1	1
ACOXL	0	0	0	0	1	0	0	1	1	1
ACPL2	0	0	0	0	1	0	0	1	1	1
ACSM2A	0	0	0	0	0	0	1	1	1	1
ACSS3	0	0	0	0	1	0	0	1	1	1
ACTBL2	0	0	0	0	1	0	0	1	1	1
ACTL7A	0	0	0	0	1	0	0	1	1	1
ACVR2B	0	0	0	0	1	0	0	1	1	1
ADAMTS1	0	0	0	0	1	0	0	1	1	1
ADAMTS12	0	0	0	0	1	0	0	1	1	1
ADAMTS16	0	0	0	0	1	0	0	1	1	1
ADAMTS17	0	0	0	0	0	0	1	1	1	1
ADAMTSL1	0	0	0	0	1	0	0	1	1	1
ADCY10	0	0	0	0	1	0	0	1	1	1
ADCY3	0	0	0	0	1	0	0	1	1	1
ADCY5	0	0	0	0	1	0	0	1	1	1
ADNP	0	0	0	0	1	0	0	1	1	1
ADRBK1	0	0	0	0	0	0	1	1	1	1
ADSS	0	0	0	0	0	0	1	1	1	1
AFF2	0	0	0	0	0	0	1	1	1	1
AFF4	0	0	0	0	1	0	0	1	1	1
AGBL2	0	0	0	0	1	0	0	1	1	1
AGXT2	0	0	0	0	1	0	0	1	1	1
AKAP12	0	0	0	0	1	0	0	1	1	1
AKAP13	1	0	0	0	0	0	0	1	1	1
AKAP5	0	0	0	0	1	0	0	1	1	1
AKD1	0	0	0	0	1	0	0	1	1	1
AKR7A2	0	0	0	0	1	0	0	1	1	1
ALDH1A3	0	0	0	0	1	0	0	1	1	1
ALG13	0	0	0	0	1	0	0	1	1	1
ALG6	0	0	0	0	1	0	0	1	1	1
ALMS1	0	0	0	0	1	0	0	1	1	1
ALPK3	0	0	0	0	1	0	0	1	1	1
ALS2CR11	0	0	0	0	1	0	0	1	1	1
AMOT	0	0	0	0	1	0	0	1	1	1
ANG	0	0	0	0	1	0	0	1	1	1
ANK2	0	0	0	0	1	0	0	1	1	1
ANK3	0	0	0	0	0	0	1	1	1	1
ANKRD12	0	0	0	0	1	0	0	1	1	1
ANKRD13A	0	0	0	0	1	0	0	1	1	1
ANKRD24	0	0	0	0	0	1	0	1	1	1
ANKRD26	0	0	0	0	1	0	0	1	1	1
ANKRD30A	0	0	0	0	1	0	0	1	1	1
ANO2	0	0	0	0	1	0	0	1	1	1
ANO3	0	0	0	0	1	0	0	1	1	1
AP1G2	0	0	0	0	1	0	0	1	1	1
AP1M1	0	0	0	0	1	0	0	1	1	1
AP3S2	0	0	0	0	1	0	0	1	1	1
AQP5	0	0	0	0	1	0	0	1	1	1
ARC	0	0	0	0	1	0	0	1	1	1
ARHGAP18	1	0	0	0	0	0	0	1	1	1
ARHGAP35	0	0	0	0	1	0	0	1	1	1
ARHGAP39	0	0	0	0	1	0	0	1	1	1
ARHGAP5	0	0	0	0	1	0	0	1	1	1
ARHGEF1	0	0	0	0	1	0	0	1	1	1
ARHGEF10L	0	0	0	0	0	0	1	1	1	1
ARHGEF11	0	0	0	0	1	0	0	1	1	1
ARHGEF19	0	0	0	0	0	0	1	1	1	1
ARHGEF5	0	0	0	0	1	0	0	1	1	1
ARHGEF6	1	0	0	0	0	0	0	1	1	1
ARID1A	0	0	0	0	1	0	0	1	1	1
ARID2	0	0	0	0	0	1	0	1	1	1
ARID4B	0	0	0	0	1	0	0	1	1	1
ARL3	0	0	0	0	1	0	0	1	1	1
ARSF	0	0	0	0	1	0	0	1	1	1
ASB11	0	0	0	0	1	0	0	1	1	1
ASB15	0	0	0	0	1	0	0	1	1	1
ASB4	0	0	0	0	0	0	1	1	1	1
ASTL	0	0	0	0	1	0	0	1	1	1
ASXL2	0	1	0	0	0	0	0	1	1	1
ASXL3	0	0	0	0	1	0	0	1	1	1
ATF7IP	1	0	0	0	0	0	0	1	1	1
ATG16L1	0	0	0	0	1	0	0	1	1	1
ATG4C	0	0	0	0	1	0	0	1	1	1
ATP11B	0	0	0	0	1	0	0	1	1	1
ATP13A5	0	0	0	0	1	0	0	1	1	1
ATP1B4	0	0	0	0	1	0	0	1	1	1
ATP2A2	0	0	0	0	1	0	0	1	1	1
ATP2B2	0	0	0	0	1	0	0	1	1	1
ATP2B3	0	0	0	0	1	0	0	1	1	1
ATP2C1	0	0	0	0	1	0	0	1	1	1
ATP6AP2	0	0	0	0	1	0	0	1	1	1
ATP6V1C1	0	0	0	0	1	0	0	1	1	1
ATP6V1G3	0	0	0	0	1	0	0	1	1	1
ATRNL1	0	0	0	0	1	0	0	1	1	1
ATXN7L1	0	0	0	0	1	0	0	1	1	1
AURKB	0	0	0	0	1	0	0	1	1	1
AURKC	0	0	0	0	1	0	0	1	1	1
B3GALT5	0	0	0	0	1	0	0	1	1	1
B4GALNT3	0	0	0	0	1	0	0	1	1	1
BAAT	0	0	0	0	1	0	0	1	1	1
BAI1	0	0	0	0	1	0	0	1	1	1
BAIAP2L1	0	0	0	0	1	0	0	1	1	1
BBS12	0	0	0	0	1	0	0	1	1	1
BCAN	0	0	0	0	1	0	0	1	1	1
BCHE	1	0	0	0	0	0	0	1	1	1
BCMO1	0	0	0	0	1	0	0	1	1	1
BCORL1	0	1	0	0	0	0	0	1	1	1
BECN1	0	0	0	0	1	0	0	1	1	1
BICD1	0	0	0	0	1	0	0	1	1	1
BLZF1	0	0	0	0	1	0	0	1	1	1
BMP10	0	0	0	0	1	0	0	1	1	1
BMP5	0	0	0	0	0	1	0	1	1	1
BMP6	0	0	0	0	1	0	0	1	1	1
BNC2	0	0	0	0	1	0	0	1	1	1
BOD1L	0	0	0	0	1	0	0	1	1	1
BPTF	0	0	0	0	1	0	0	1	1	1
BRCC3	0	0	0	0	0	1	0	1	1	1
BRMS1	0	0	0	0	0	1	0	1	1	1
BRPF1	0	0	0	0	1	0	0	1	1	1
BRS3	0	0	0	0	1	0	0	1	1	1
BRWD3	0	0	0	0	1	0	0	1	1	1
BTBD16	0	0	0	0	0	0	1	1	1	1
BTD	0	0	0	0	1	0	0	1	1	1
BUB1	0	0	0	0	1	0	0	1	1	1
BUB3	0	0	0	0	1	0	0	1	1	1
C10orf118	0	0	0	0	1	0	0	1	1	1
C10orf120	0	0	0	0	1	0	0	1	1	1
C10orf18	0	0	0	0	1	0	0	1	1	1
C10orf76	0	0	0	0	1	0	0	1	1	1
C11orf41	0	0	0	0	1	0	0	1	1	1
C11orf70	0	0	0	0	1	0	0	1	1	1
C12orf11	0	0	0	0	0	1	0	1	1	1
C12orf63	0	0	0	0	0	0	1	1	1	1
C13orf18	0	0	0	0	1	0	0	1	1	1
C15orf57	0	0	0	0	1	0	0	1	1	1
C15orf60	0	0	0	0	1	0	0	1	1	1
C16orf57	0	0	0	0	1	0	0	1	1	1
C19orf46	0	0	0	0	1	0	0	1	1	1
C19orf62	0	0	0	0	0	0	1	1	1	1
C1RL	0	0	0	0	1	0	0	1	1	1
C1orf103	0	0	0	0	1	0	0	1	1	1
C1orf105	1	0	0	0	0	0	0	1	1	1
C1orf168	0	0	0	0	1	0	0	1	1	1
C1orf183	0	0	0	0	1	0	0	1	1	1
C1orf51	0	0	0	0	1	0	0	1	1	1
C2	0	0	0	0	1	0	0	1	1	1
C20orf24	0	0	0	0	1	0	0	1	1	1
C20orf26	0	0	0	0	0	1	0	1	1	1
C22orf42	0	0	0	0	1	0	0	1	1	1
C2orf89	0	0	0	0	1	0	0	1	1	1
C3	0	0	0	0	1	0	0	1	1	1
C3orf67	0	0	0	0	0	0	1	1	1	1
C4BPB	0	0	0	0	1	0	0	1	1	1
C5	0	0	0	0	1	0	0	1	1	1
C6orf106	0	0	0	0	1	0	0	1	1	1
C6orf118	0	0	0	0	1	0	0	1	1	1
C6orf142	0	0	0	0	1	0	0	1	1	1
C6orf170	0	0	0	0	1	0	0	1	1	1
C6orf174	0	0	0	0	1	0	0	1	1	1
C7	0	0	1	0	0	0	0	1	1	1
C7orf10	0	0	0	0	1	0	0	1	1	1
C8orf80	0	0	0	0	1	0	0	1	1	1
C8orf84	0	0	0	0	1	0	0	1	1	1
C9orf171	0	0	0	0	1	0	0	1	1	1
C9orf43	0	0	0	0	1	0	0	1	1	1
C9orf78	0	0	0	0	1	0	0	1	1	1
C9orf93	0	0	0	0	1	0	0	1	1	1
CACNA1G	0	0	0	0	1	0	0	1	1	1
CACNA1S	0	0	0	0	1	0	0	1	1	1
CACNA2D4	0	0	0	0	1	0	0	1	1	1
CACNG2	0	0	0	0	1	0	0	1	1	1
CADM3	0	0	0	0	1	0	0	1	1	1
CAGE1	0	0	0	0	1	0	0	1	1	1
CAMK1G	0	0	0	0	1	0	0	1	1	1
CAMKV	0	0	0	0	1	0	0	1	1	1
CAMTA1	0	0	0	0	1	0	0	1	1	1
CAND1	0	0	0	0	1	0	0	1	1	1
CAPN6	0	0	0	0	1	0	0	1	1	1
CAPRIN2	0	0	0	0	0	1	0	1	1	1
CARD18	0	0	0	0	1	0	0	1	1	1
CASC5	0	0	0	0	1	0	0	1	1	1
CASP10	0	0	0	0	1	0	0	1	1	1
CASZ1	0	0	0	0	1	0	0	1	1	1
CATSPER4	0	0	0	0	1	0	0	1	1	1
CBX5	0	0	0	0	0	1	0	1	1	1
CC2D2A	0	0	0	0	1	0	0	1	1	1
CCBE1	0	0	0	0	1	0	0	1	1	1
CCDC150	0	0	0	0	0	0	1	1	1	1
CCDC24	0	0	0	0	1	0	0	1	1	1
CCDC57	0	0	0	0	1	0	0	1	1	1
CCDC60	0	0	0	0	1	0	0	1	1	1
CCDC67	0	0	0	0	1	0	0	1	1	1
CCL11	0	0	0	0	1	0	0	1	1	1
CCL16	0	0	0	0	1	0	0	1	1	1
CCL20	0	0	0	0	1	0	0	1	1	1
CCL21	0	0	0	0	1	0	0	1	1	1
CCNG2	1	0	0	0	0	0	0	1	1	1
CD109	0	0	0	0	0	0	1	1	1	1
CD320	0	0	0	0	1	0	0	1	1	1
CD70	0	0	0	0	1	0	0	1	1	1
CDC42	0	0	0	0	1	0	0	1	1	1
CDH16	0	0	0	0	1	0	0	1	1	1
CDH24	0	0	0	0	0	1	0	1	1	1
CDH4	0	0	0	0	1	0	0	1	1	1
CDHR2	0	0	0	0	1	0	0	1	1	1
CDON	0	0	0	0	1	0	0	1	1	1
CELSR1	0	0	0	0	1	0	0	1	1	1
CELSR3	0	0	0	0	1	0	0	1	1	1
CENPB	0	0	0	0	0	1	0	1	1	1
CENPF	0	0	0	0	1	0	0	1	1	1
CENPN	0	0	0	0	1	0	0	1	1	1
CEP170	0	0	0	1	0	0	0	1	1	1
CEP290	0	0	0	0	1	0	0	1	1	1
CFHR2	0	0	0	0	1	0	0	1	1	1
CGN	0	0	0	0	1	0	0	1	1	1
CHIC2	0	0	0	0	1	0	0	1	1	1
CHIT1	0	0	0	0	1	0	0	1	1	1
CHST6	0	0	0	0	1	0	0	1	1	1
CIC	0	0	0	0	1	0	0	1	1	1
CKAP4	0	0	0	0	1	0	0	1	1	1
CLCN1	0	0	0	0	1	0	0	1	1	1
CLCN6	0	0	0	0	1	0	0	1	1	1
CLDN11	0	0	0	0	1	0	0	1	1	1
CLDN14	0	0	0	0	1	0	0	1	1	1
CLDN18	0	0	0	0	1	0	0	1	1	1
CLPX	0	0	0	0	1	0	0	1	1	1
CLVS2	0	0	0	0	1	0	0	1	1	1
CNGA3	0	0	0	0	1	0	0	1	1	1
CNOT6	0	0	0	0	1	0	0	1	1	1
CNOT6L	0	0	0	0	1	0	0	1	1	1
CNTLN	0	0	0	0	0	1	0	1	1	1
CNTN6	0	0	0	0	1	0	0	1	1	1
CNTNAP5	0	0	0	0	1	0	0	1	1	1
COL11A2	0	0	0	0	1	0	0	1	1	1
COL22A1	0	0	0	0	1	0	0	1	1	1
COL25A1	0	0	0	0	0	0	1	1	1	1
COL27A1	0	0	0	0	1	0	0	1	1	1
COL2A1	0	0	0	0	1	0	0	1	1	1
COL5A3	0	0	0	0	1	0	0	1	1	1
COL7A1	0	0	0	0	1	0	0	1	1	1
COL9A1	0	0	0	0	1	0	0	1	1	1
COPS2	0	0	0	0	1	0	0	1	1	1
CORIN	0	0	0	0	1	0	0	1	1	1
CPNE3	0	0	0	0	1	0	0	1	1	1
CR1	0	0	0	0	1	0	0	1	1	1
CRB1	0	0	0	0	1	0	0	1	1	1
CRISPLD2	0	0	0	0	0	0	1	1	1	1
CROCC	0	0	0	0	1	0	0	1	1	1
CSF3R	0	0	0	0	1	0	0	1	1	1
CSTF2T	0	0	0	0	1	0	0	1	1	1
CTCF	0	0	0	0	0	1	0	1	1	1
CTNNA2	0	0	0	0	1	0	0	1	1	1
CTSG	0	0	0	0	1	0	0	1	1	1
CUL3	0	0	0	0	1	0	0	1	1	1
CUL9	0	0	0	0	1	0	0	1	1	1
CXorf58	0	0	0	0	0	1	0	1	1	1
CYBB	0	0	0	0	1	0	0	1	1	1
CYLC1	0	0	0	0	1	0	0	1	1	1
CYP26A1	0	0	0	0	1	0	0	1	1	1
CYP4A22	0	0	0	0	1	0	0	1	1	1
CYP4F12	0	0	0	0	1	0	0	1	1	1
CYP4F2	0	0	0	0	1	0	0	1	1	1
DAAM2	0	0	0	0	1	0	0	1	1	1
DAB2	1	0	0	0	0	0	0	1	1	1
DAG1	0	0	0	0	1	0	0	1	1	1
DAOA	1	0	0	0	0	0	0	1	1	1
DAXX	0	0	0	0	1	0	0	1	1	1
DAZAP2	0	0	0	0	1	0	0	1	1	1
DBX2	0	0	0	0	1	0	0	1	1	1
DCAF6	0	0	0	0	1	0	0	1	1	1
DCAF8	0	0	0	0	1	0	0	1	1	1
DCHS2	0	0	0	0	1	0	0	1	1	1
DCT	0	0	0	0	1	0	0	1	1	1
DCTD	0	0	0	0	1	0	0	1	1	1
DDX1	0	0	0	0	0	0	1	1	1	1
DDX17	0	0	0	0	0	0	1	1	1	1
DDX23	0	0	0	0	1	0	0	1	1	1
DDX53	0	0	0	0	1	0	0	1	1	1
DDX60	0	0	0	0	1	0	0	1	1	1
DHX32	0	0	0	0	1	0	0	1	1	1
DHX34	0	0	0	0	1	0	0	1	1	1
DIAPH2	0	0	0	0	1	0	0	1	1	1
DIO2	0	0	0	0	0	1	0	1	1	1
DLD	0	0	0	0	1	0	0	1	1	1
DLX3	0	0	0	0	1	0	0	1	1	1
DMD	0	0	0	0	1	0	0	1	1	1
DMRT3	0	0	0	0	1	0	0	1	1	1
DNAH11	0	0	0	0	1	0	0	1	1	1
DNAH3	0	0	0	0	1	0	0	1	1	1
DNAH5	0	0	0	0	1	0	0	1	1	1
DNAI1	0	0	0	0	1	0	0	1	1	1
DNAJC7	0	0	0	0	1	0	0	1	1	1
DNM2	0	1	0	0	0	0	0	1	1	1
DNMT1	0	0	0	0	1	0	0	1	1	1
DNMT3B	0	0	0	0	1	0	0	1	1	1
DOCK1	0	0	0	0	0	0	1	1	1	1
DOCK10	0	0	0	0	1	0	0	1	1	1
DOCK5	0	0	0	0	1	0	0	1	1	1
DOCK8	0	1	0	0	0	0	0	1	1	1
DOCK9	0	0	0	0	1	0	0	1	1	1
DOK2	0	0	0	0	1	0	0	1	1	1
DOPEY2	0	0	0	0	1	0	0	1	1	1
DSCAM	0	0	0	0	1	0	0	1	1	1
DUOXA2	0	0	0	0	1	0	0	1	1	1
DUSP1	0	0	0	0	1	0	0	1	1	1
DUSP26	0	0	0	0	1	0	0	1	1	1
DYNC1H1	0	0	0	0	1	0	0	1	1	1
DYNC2H1	0	0	0	0	1	0	0	1	1	1
DYRK4	0	0	0	0	1	0	0	1	1	1
DYSF	0	0	0	0	1	0	0	1	1	1
ECM2	0	0	0	0	1	0	0	1	1	1
EDC4	0	0	0	0	1	0	0	1	1	1
EFCAB6	0	0	0	0	1	0	0	1	1	1
EFTUD1	0	0	0	0	1	0	0	1	1	1
EGFL8	0	0	0	0	1	0	0	1	1	1
EGFLAM	0	0	0	0	1	0	0	1	1	1
EHD2	0	0	0	0	1	0	0	1	1	1
ELF1	0	0	0	0	1	0	0	1	1	1
ELF4	0	0	0	0	1	0	0	1	1	1
ELL	0	0	0	0	1	0	0	1	1	1
ELMOD1	0	0	0	0	1	0	0	1	1	1
ELN	0	0	0	0	0	0	1	1	1	1
ENC1	0	0	0	0	1	0	0	1	1	1
ENTPD1	0	0	0	0	1	0	0	1	1	1
EPB41L3	0	1	0	0	0	0	0	1	1	1
EPB41L5	0	0	0	0	1	0	0	1	1	1
EPGN	0	0	0	0	1	0	0	1	1	1
EPHA10	0	0	0	0	1	0	0	1	1	1
EPHA2	0	0	0	0	1	0	0	1	1	1
EPHA3	0	0	0	0	1	0	0	1	1	1
EPHA8	0	0	0	0	1	0	0	1	1	1
EPHB1	0	0	0	0	0	1	0	1	1	1
ESCO2	0	0	0	0	1	0	0	1	1	1
ETF1	0	0	0	0	1	0	0	1	1	1
ETV3	0	0	0	0	1	0	0	1	1	1
EWSR1	0	0	0	0	0	0	1	1	1	1
EXD1	0	0	0	0	0	1	0	1	1	1
EYA4	0	0	0	0	1	0	0	1	1	1
EZR	0	0	0	0	1	0	0	1	1	1
FAM115A	0	0	0	0	1	0	0	1	1	1
FAM123A	0	0	0	0	1	0	0	1	1	1
FAM171A1	0	0	0	0	1	0	0	1	1	1
FAM194A	0	0	0	0	1	0	0	1	1	1
FAM19A4	0	0	0	0	1	0	0	1	1	1
FAM47A	0	0	0	0	1	0	0	1	1	1
FAM48A	0	0	0	0	1	0	0	1	1	1
FAM90A1	1	0	0	0	0	0	0	1	1	1
FANCC	0	0	0	0	1	0	0	1	1	1
FANCI	0	0	0	0	1	0	0	1	1	1
FANCM	0	0	0	0	1	0	0	1	1	1
FAT1	0	0	0	0	1	0	0	1	1	1
FAT2	0	0	0	0	1	0	0	1	1	1
FAT4	0	0	0	0	1	0	0	1	1	1
FBN1	0	0	0	0	1	0	0	1	1	1
FBXO11	0	1	0	0	0	0	0	1	1	1
FBXO30	0	0	0	0	1	0	0	1	1	1
FCHSD1	0	0	0	0	0	0	1	1	1	1
FEZF2	0	0	0	0	1	0	0	1	1	1
FGD6	0	0	0	0	1	0	0	1	1	1
FGL2	0	0	0	0	1	0	0	1	1	1
FILIP1	0	0	0	0	0	1	0	1	1	1
FKBP8	0	0	0	0	1	0	0	1	1	1
FKTN	0	0	0	0	0	0	1	1	1	1
FLG	0	0	0	0	1	0	0	1	1	1
FLRT2	0	0	0	0	1	0	0	1	1	1
FLT1	0	0	0	0	1	0	0	1	1	1
FN1	0	0	0	0	0	1	0	1	1	1
FNDC1	0	0	0	0	1	0	0	1	1	1
FNIP2	0	0	0	0	1	0	0	1	1	1
FOXP4	0	1	0	0	0	0	0	1	1	1
FREM2	0	0	0	0	1	0	0	1	1	1
FRZB	0	0	0	0	1	0	0	1	1	1
FSD2	0	0	0	0	1	0	0	1	1	1
FZD1	0	0	0	0	1	0	0	1	1	1
G6PC	0	0	0	0	1	0	0	1	1	1
GABBR1	0	0	0	0	1	0	0	1	1	1
GABRA4	0	0	0	0	1	0	0	1	1	1
GABRB1	0	0	0	0	1	0	0	1	1	1
GABRG2	0	0	0	0	1	0	0	1	1	1
GABRR1	0	0	0	0	1	0	0	1	1	1
GALNT2	0	0	0	0	0	0	1	1	1	1
GANC	0	0	0	0	1	0	0	1	1	1
GATAD2B	0	0	0	0	0	1	0	1	1	1
GBP1	0	0	0	0	1	0	0	1	1	1
GCLM	0	0	0	0	1	0	0	1	1	1
GCM2	0	0	0	0	1	0	0	1	1	1
GCN1L1	0	0	0	0	1	0	0	1	1	1
GDF10	0	0	0	0	1	0	0	1	1	1
GDPD4	0	0	0	0	0	1	0	1	1	1
GDPD5	0	0	0	0	1	0	0	1	1	1
GEMIN4	0	0	0	0	1	0	0	1	1	1
GJB4	0	0	0	0	1	0	0	1	1	1
GLIS3	0	0	0	0	1	0	0	1	1	1
GLRA1	0	0	0	0	1	0	0	1	1	1
GNA15	0	0	0	0	1	0	0	1	1	1
GNAI2	0	0	0	0	1	0	0	1	1	1
GNB1	0	0	0	0	1	0	0	1	1	1
GNRHR	0	0	0	0	1	0	0	1	1	1
GPATCH8	0	0	0	0	1	0	0	1	1	1
GPBP1	0	1	0	0	0	0	0	1	1	1
GPR101	0	0	0	0	1	0	0	1	1	1
GPR115	0	0	0	0	0	1	0	1	1	1
GPR124	0	0	0	0	1	0	0	1	1	1
GPR125	0	0	0	0	1	0	0	1	1	1
GPR128	0	0	0	0	1	0	0	1	1	1
GPR183	0	0	0	0	1	0	0	1	1	1
GPR6	0	0	0	0	1	0	0	1	1	1
GPR98	0	0	0	0	1	0	0	1	1	1
GPRC5B	0	0	0	0	1	0	0	1	1	1
GPRC6A	0	0	0	0	1	0	0	1	1	1
GPX2	0	0	0	0	1	0	0	1	1	1
GRB10	0	0	0	0	1	0	0	1	1	1
GREM2	0	0	0	0	1	0	0	1	1	1
GRIK3	0	0	0	0	1	0	0	1	1	1
GRWD1	0	0	0	0	1	0	0	1	1	1
GSTM3	0	0	0	0	0	0	1	1	1	1
GUCA2A	0	0	0	0	1	0	0	1	1	1
GUCY2C	0	0	0	0	1	0	0	1	1	1
GUCY2D	0	0	0	0	1	0	0	1	1	1
GYG2	0	0	0	0	1	0	0	1	1	1
GZMB	0	0	0	0	1	0	0	1	1	1
HADH	0	0	0	0	1	0	0	1	1	1
HCFC1	0	0	0	0	1	0	0	1	1	1
HCLS1	0	0	0	0	1	0	0	1	1	1
HCN1	0	0	0	0	1	0	0	1	1	1
HDAC2	0	0	0	0	1	0	0	1	1	1
HDAC3	0	0	0	0	1	0	0	1	1	1
HEATR4	0	0	0	0	1	0	0	1	1	1
HEATR7B2	0	0	0	0	1	0	0	1	1	1
HELZ	0	0	0	0	1	0	0	1	1	1
HERC1	0	0	0	0	1	0	0	1	1	1
HERC2	0	0	0	0	1	0	0	1	1	1
HIST1H3D	0	0	0	0	1	0	0	1	1	1
HIVEP1	0	0	0	0	1	0	0	1	1	1
HIVEP2	0	0	0	0	1	0	0	1	1	1
HK1	0	0	0	0	1	0	0	1	1	1
HKR1	0	0	0	0	1	0	0	1	1	1
HLA-B	0	0	0	0	1	0	0	1	1	1
HMCN1	0	0	0	0	0	0	1	1	1	1
HNRNPUL1	0	0	0	0	1	0	0	1	1	1
HOOK3	0	0	0	0	1	0	0	1	1	1
HPS5	0	0	0	0	1	0	0	1	1	1
HSD17B1	0	0	0	0	1	0	0	1	1	1
HSD3B1	0	0	0	0	1	0	0	1	1	1
HSPA13	0	0	0	0	1	0	0	1	1	1
HSPA4	0	0	0	0	0	1	0	1	1	1
HSPB7	0	0	0	0	1	0	0	1	1	1
HSPG2	0	0	0	0	1	0	0	1	1	1
HTR5A	0	0	0	0	1	0	0	1	1	1
HYAL4	0	0	0	0	1	0	0	1	1	1
HYDIN	0	0	0	0	1	0	0	1	1	1
IFI44	0	0	0	0	1	0	0	1	1	1
IGHMBP2	0	0	0	0	0	1	0	1	1	1
IGSF5	0	0	0	0	1	0	0	1	1	1
IGSF9B	0	0	0	0	1	0	0	1	1	1
IKZF1	0	0	0	0	1	0	0	1	1	1
IKZF4	0	0	0	0	1	0	0	1	1	1
IL17RD	0	0	0	0	0	1	0	1	1	1
IL1R1	0	0	0	0	1	0	0	1	1	1
IL1RL2	0	0	0	0	1	0	0	1	1	1
IMMP2L	0	0	0	0	1	0	0	1	1	1
IMPG2	0	0	0	0	1	0	0	1	1	1
IPO7	0	0	0	0	1	0	0	1	1	1
ISLR	0	0	0	0	1	0	0	1	1	1
ITGA10	0	0	0	0	1	0	0	1	1	1
ITGAV	0	0	0	0	0	1	0	1	1	1
ITGAX	0	0	0	0	1	0	0	1	1	1
ITPR1	0	0	0	0	1	0	0	1	1	1
ITPR3	0	0	0	0	1	0	0	1	1	1
JAK3	0	0	0	0	1	0	0	1	1	1
JAM2	0	0	0	0	1	0	0	1	1	1
JMJD1C	0	0	0	0	1	0	0	1	1	1
JMJD5	0	0	0	0	1	0	0	1	1	1
KATNAL2	0	0	0	0	1	0	0	1	1	1
KCNE3	0	0	0	0	1	0	0	1	1	1
KCNH2	0	0	0	0	1	0	0	1	1	1
KCNH5	0	0	0	0	1	0	0	1	1	1
KCNH8	0	0	0	0	1	0	0	1	1	1
KCNJ6	0	0	0	0	1	0	0	1	1	1
KCNN3	0	0	0	0	1	0	0	1	1	1
KCNQ2	0	0	0	0	0	0	1	1	1	1
KCNQ3	0	0	0	0	1	0	0	1	1	1
KCNT1	0	0	0	0	1	0	0	1	1	1
KCNT2	0	0	0	0	1	0	0	1	1	1
KDM2B	0	0	0	0	1	0	0	1	1	1
KHDRBS3	0	0	0	0	1	0	0	1	1	1
KIAA0802	0	0	0	0	1	0	0	1	1	1
KIAA0831	0	0	0	0	1	0	0	1	1	1
KIAA0892	0	0	0	0	1	0	0	1	1	1
KIAA1109	0	0	0	0	1	0	0	1	1	1
KIAA1217	0	0	0	0	1	0	0	1	1	1
KIAA1267	0	1	0	0	0	0	0	1	1	1
KIAA1529	0	0	0	0	1	0	0	1	1	1
KIDINS220	0	0	0	0	1	0	0	1	1	1
KIF1C	0	0	0	0	0	1	0	1	1	1
KIF27	0	0	0	0	1	0	0	1	1	1
KLF15	0	0	0	0	1	0	0	1	1	1
KLHDC3	0	0	0	0	1	0	0	1	1	1
KLHDC7A	0	0	0	0	1	0	0	1	1	1
KLHL12	0	0	0	0	1	0	0	1	1	1
KLHL18	0	0	0	0	1	0	0	1	1	1
KLHL2	0	0	0	0	1	0	0	1	1	1
KLK7	0	0	0	0	0	1	0	1	1	1
KLRK1	0	0	0	0	1	0	0	1	1	1
KPRP	0	0	0	0	1	0	0	1	1	1
KRT13	0	0	0	0	1	0	0	1	1	1
KRT19	0	0	0	0	1	0	0	1	1	1
KRT20	0	0	0	0	1	0	0	1	1	1
KRT27	0	0	0	0	1	0	0	1	1	1
KRT79	0	0	0	0	1	0	0	1	1	1
KRTAP10-8	0	0	0	0	1	0	0	1	1	1
KRTAP24-1	0	0	0	0	1	0	0	1	1	1
KRTAP26-1	0	0	0	0	1	0	0	1	1	1
KRTAP4-2	0	0	0	0	1	0	0	1	1	1
KSR2	0	0	0	0	1	0	0	1	1	1
LAMA1	0	0	0	0	0	1	0	1	1	1
LAMA2	0	0	0	0	1	0	0	1	1	1
LAMA3	0	0	0	0	1	0	0	1	1	1
LAMA5	0	0	0	0	1	0	0	1	1	1
LARP4B	0	0	0	0	1	0	0	1	1	1
LARS	0	0	0	0	1	0	0	1	1	1
LAS1L	0	0	0	0	1	0	0	1	1	1
LBXCOR1	0	0	0	0	1	0	0	1	1	1
LCE1B	0	0	0	0	0	1	0	1	1	1
LEO1	0	0	0	0	1	0	0	1	1	1
LGTN	0	0	0	0	1	0	0	1	1	1
LILRB2	0	0	0	0	1	0	0	1	1	1
LIMA1	0	1	0	0	0	0	0	1	1	1
LIMS2	0	0	0	0	1	0	0	1	1	1
LMOD1	0	0	0	0	1	0	0	1	1	1
LNX1	0	0	0	0	1	0	0	1	1	1
LPA	0	0	0	0	0	0	1	1	1	1
LPPR1	0	0	0	0	1	0	0	1	1	1
LPPR4	0	0	0	0	1	0	0	1	1	1
LRBA	0	0	0	0	1	0	0	1	1	1
LRCH3	0	0	0	0	1	0	0	1	1	1
LRFN3	0	0	0	0	1	0	0	1	1	1
LRIG3	0	0	0	0	1	0	0	1	1	1
LRIT1	0	0	0	0	1	0	0	1	1	1
LRP1B	0	0	0	0	0	0	1	1	1	1
LRP5	0	0	0	0	1	0	0	1	1	1
LRRC15	0	0	0	0	1	0	0	1	1	1
LRRC2	0	0	0	0	0	0	1	1	1	1
LRRC37B	0	1	0	0	0	0	0	1	1	1
LRRC43	0	0	0	0	1	0	0	1	1	1
LRRC58	0	0	0	0	1	0	0	1	1	1
LRRFIP1	0	0	0	0	0	0	1	1	1	1
LRRTM2	0	0	0	0	1	0	0	1	1	1
LRWD1	0	0	0	0	1	0	0	1	1	1
LTA4H	0	0	0	0	1	0	0	1	1	1
LTBP3	0	0	0	0	1	0	0	1	1	1
LUZP2	0	0	0	0	0	0	1	1	1	1
LYRM5	0	0	0	0	1	0	0	1	1	1
LZTS1	0	0	0	0	1	0	0	1	1	1
MAEL	0	0	0	0	1	0	0	1	1	1
MAGEL2	0	0	0	0	1	0	0	1	1	1
MAGI1	0	0	0	0	1	0	0	1	1	1
MAGI3	0	0	0	0	1	0	0	1	1	1
MAP1B	0	0	0	0	1	0	0	1	1	1
MAP6	0	0	0	0	1	0	0	1	1	1
MAPK1	0	0	0	0	1	0	0	1	1	1
MAT1A	0	0	0	0	1	0	0	1	1	1
MAX	0	0	0	0	1	0	0	1	1	1
MBOAT1	1	0	0	0	0	0	0	1	1	1
MBTPS1	0	0	0	0	1	0	0	1	1	1
MCART2	0	0	0	0	1	0	0	1	1	1
MCHR2	0	0	0	0	1	0	0	1	1	1
MCM10	0	0	0	0	0	0	1	1	1	1
MDFI	0	0	0	0	1	0	0	1	1	1
MDH1B	0	0	0	0	1	0	0	1	1	1
MDM2	0	0	0	0	1	0	0	1	1	1
MECR	0	0	0	0	1	0	0	1	1	1
MED14	0	0	0	0	1	0	0	1	1	1
MED21	0	0	0	0	1	0	0	1	1	1
MEGF10	0	0	0	0	1	0	0	1	1	1
MEPE	0	0	0	0	1	0	0	1	1	1
METTL3	0	0	0	0	1	0	0	1	1	1
MEX3B	0	0	0	0	1	0	0	1	1	1
MFN1	0	0	0	0	1	0	0	1	1	1
MFSD6	0	0	0	0	1	0	0	1	1	1
MGA	1	0	0	0	0	0	0	1	1	1
MGAT4C	0	0	0	0	1	0	0	1	1	1
MGAT5B	0	0	0	0	1	0	0	1	1	1
MICAL2	0	0	0	0	1	0	0	1	1	1
MIER3	0	0	0	0	1	0	0	1	1	1
MLL2	0	0	0	0	1	0	0	1	1	1
MLL3	0	0	0	0	0	1	0	1	1	1
MLLT4	0	0	0	0	1	0	0	1	1	1
MMP25	0	0	0	0	1	0	0	1	1	1
MNDA	0	0	0	0	1	0	0	1	1	1
MORC3	0	0	0	0	1	0	0	1	1	1
MPI	0	0	1	0	0	0	0	1	1	1
MPL	0	0	0	0	1	0	0	1	1	1
MPND	0	0	0	0	1	0	0	1	1	1
MRE11A	0	0	0	0	1	0	0	1	1	1
MST1R	0	0	0	0	1	0	0	1	1	1
MTMR3	0	0	0	0	1	0	0	1	1	1
MUC17	0	0	0	0	1	0	0	1	1	1
MUC6	0	0	0	0	1	0	0	1	1	1
MXRA5	0	0	0	0	1	0	0	1	1	1
MYB	0	0	0	0	1	0	0	1	1	1
MYC	0	0	0	0	1	0	0	1	1	1
MYCBP2	0	0	0	0	1	0	0	1	1	1
MYEOV	0	0	0	0	1	0	0	1	1	1
MYF5	0	0	0	0	1	0	0	1	1	1
MYH14	0	0	0	0	1	0	0	1	1	1
MYH15	0	0	0	0	1	0	0	1	1	1
MYH6	0	0	0	0	0	1	0	1	1	1
MYLK	0	0	0	0	1	0	0	1	1	1
MYLK2	0	0	0	0	1	0	0	1	1	1
MYO1F	0	0	0	0	0	0	1	1	1	1
MYO3A	0	0	0	0	1	0	0	1	1	1
MYO5B	0	0	0	0	1	0	0	1	1	1
MYOC	0	0	0	0	0	1	0	1	1	1
MYST4	0	0	0	0	1	0	0	1	1	1
N4BP1	0	0	0	0	1	0	0	1	1	1
NAA15	0	0	0	0	0	1	0	1	1	1
NAE1	0	0	0	0	1	0	0	1	1	1
NAPA	0	0	0	0	1	0	0	1	1	1
NAPSA	0	0	0	0	1	0	0	1	1	1
NAT8L	0	0	0	0	1	0	0	1	1	1
NAV1	0	0	0	0	1	0	0	1	1	1
NBEAL1	0	0	0	0	1	0	0	1	1	1
NCCRP1	0	0	0	0	1	0	0	1	1	1
NCKAP5	0	0	0	0	1	0	0	1	1	1
NCOA3	1	0	0	0	0	0	0	1	1	1
NCOA7	0	0	0	0	1	0	0	1	1	1
NEB	0	0	0	0	1	0	0	1	1	1
NECAB2	0	0	0	0	1	0	0	1	1	1
NFKBIL2	0	0	0	0	1	0	0	1	1	1
NID2	0	0	0	0	1	0	0	1	1	1
NIPSNAP1	0	0	0	0	1	0	0	1	1	1
NKRF	0	0	0	0	1	0	0	1	1	1
NLRC4	0	0	0	0	1	0	0	1	1	1
NLRP11	0	0	0	0	1	0	0	1	1	1
NLRP8	0	0	0	0	1	0	0	1	1	1
NMNAT2	0	0	0	0	1	0	0	1	1	1
NOMO2	0	0	0	0	1	0	0	1	1	1
NONO	0	0	0	0	1	0	0	1	1	1
NOS1	0	0	0	0	1	0	0	1	1	1
NOTCH1	0	0	0	0	1	0	0	1	1	1
NOTCH2	0	0	0	0	1	0	0	1	1	1
NOTCH2NL	0	0	0	0	0	1	0	1	1	1
NOX3	0	0	0	0	1	0	0	1	1	1
NPAS4	0	0	0	0	1	0	0	1	1	1
NPC1	0	0	0	0	1	0	0	1	1	1
NPNT	0	0	0	0	1	0	0	1	1	1
NRAP	0	0	0	0	1	0	0	1	1	1
NRCAM	0	0	0	0	0	0	1	1	1	1
NRF1	0	0	0	0	1	0	0	1	1	1
NRK	0	0	0	0	1	0	0	1	1	1
NRXN1	0	0	0	0	1	0	0	1	1	1
NTRK3	0	0	0	0	1	0	0	1	1	1
NTSR2	0	0	0	0	1	0	0	1	1	1
NUMA1	0	1	0	0	0	0	0	1	1	1
NUP93	0	0	0	0	1	0	0	1	1	1
NXF3	0	0	0	0	0	0	1	1	1	1
OBSCN	0	0	0	0	1	0	0	1	1	1
ODZ2	0	0	0	0	1	0	0	1	1	1
ODZ3	0	0	0	0	1	0	0	1	1	1
OIT3	0	0	0	0	1	0	0	1	1	1
OLFML3	0	0	0	0	1	0	0	1	1	1
OPRM1	0	0	0	0	1	0	0	1	1	1
OR1J2	0	0	0	0	1	0	0	1	1	1
OR2AG1	0	0	0	0	1	0	0	1	1	1
OR2M2	0	0	0	0	1	0	0	1	1	1
OR2M3	0	0	0	0	0	1	0	1	1	1
OR2T10	0	0	0	0	0	1	0	1	1	1
OR3A2	0	0	0	0	1	0	0	1	1	1
OR4B1	0	0	0	0	1	0	0	1	1	1
OR4C15	0	0	0	0	1	0	0	1	1	1
OR4Q3	0	0	0	0	1	0	0	1	1	1
OR51A7	0	0	0	0	1	0	0	1	1	1
OR51L1	0	0	0	0	1	0	0	1	1	1
OR51S1	0	0	0	0	1	0	0	1	1	1
OR52D1	0	0	0	0	0	1	0	1	1	1
OR52E8	0	0	0	0	1	0	0	1	1	1
OR5AR1	0	0	0	0	1	0	0	1	1	1
OR5AS1	0	0	0	0	1	0	0	1	1	1
OR5K3	0	0	0	0	1	0	0	1	1	1
OR5M1	0	0	0	0	1	0	0	1	1	1
OR5W2	0	0	0	0	1	0	0	1	1	1
OR6B2	0	0	0	0	1	0	0	1	1	1
OR7D4	0	0	0	0	1	0	0	1	1	1
OR8A1	0	0	0	0	1	0	0	1	1	1
OR8B12	0	0	0	0	1	0	0	1	1	1
ORAI1	0	0	0	0	1	0	0	1	1	1
OSBP2	0	0	0	0	1	0	0	1	1	1
OSTalpha	0	0	0	0	1	0	0	1	1	1
OTOA	0	0	0	0	1	0	0	1	1	1
OXA1L	0	0	0	0	1	0	0	1	1	1
P2RY2	0	0	0	0	1	0	0	1	1	1
PA2G4	0	0	0	0	1	0	0	1	1	1
PABPC3	0	0	0	0	1	0	0	1	1	1
PAPPA2	0	0	0	0	1	0	0	1	1	1
PARD3	0	0	0	0	1	0	0	1	1	1
PARP14	0	0	0	0	1	0	0	1	1	1
PARP2	0	0	0	0	0	1	0	1	1	1
PARP6	0	0	0	0	1	0	0	1	1	1
PAX3	0	0	0	0	1	0	0	1	1	1
PCDH1	0	0	0	0	1	0	0	1	1	1
PCDH11X	0	0	0	0	1	0	0	1	1	1
PCDH15	0	0	0	0	1	0	0	1	1	1
PCDHA1	0	0	0	0	1	0	0	1	1	1
PCDHA4	0	0	0	0	1	0	0	1	1	1
PCDHA8	0	0	0	0	1	0	0	1	1	1
PCDHB1	0	0	0	0	1	0	0	1	1	1
PCDHB11	0	0	0	0	1	0	0	1	1	1
PCDHB16	0	0	0	0	1	0	0	1	1	1
PCDHB3	0	0	0	0	1	0	0	1	1	1
PCDHB6	0	0	0	0	1	0	0	1	1	1
PCDHGA10	0	0	1	0	0	0	0	1	1	1
PCDHGA3	0	0	0	0	1	0	0	1	1	1
PCDHGA5	0	0	0	0	1	0	0	1	1	1
PCDHGC4	0	0	0	0	1	0	0	1	1	1
PCLO	0	0	0	0	1	0	0	1	1	1
PDC	0	0	0	0	1	0	0	1	1	1
PDCL3	0	1	0	0	0	0	0	1	1	1
PDGFRA	0	0	0	0	1	0	0	1	1	1
PDGFRB	0	0	0	0	1	0	0	1	1	1
PDK4	0	0	0	0	1	0	0	1	1	1
PDS5B	0	0	0	0	1	0	0	1	1	1
PDXDC1	0	0	0	0	1	0	0	1	1	1
PEAR1	0	0	0	0	1	0	0	1	1	1
PEX13	1	0	0	0	0	0	0	1	1	1
PGBD1	0	0	0	0	1	0	0	1	1	1
PGM3	0	0	0	0	1	0	0	1	1	1
PHACTR1	0	0	0	0	1	0	0	1	1	1
PHLPP1	0	0	0	0	1	0	0	1	1	1
PI4KA	0	0	0	0	1	0	0	1	1	1
PIK3CB	0	0	0	0	1	0	0	1	1	1
PIWIL4	0	0	0	0	1	0	0	1	1	1
PKD2L1	0	0	0	0	1	0	0	1	1	1
PKHD1	0	0	0	0	1	0	0	1	1	1
PKIB	0	0	0	0	1	0	0	1	1	1
PKNOX1	0	0	0	0	1	0	0	1	1	1
PLA2G2D	0	0	0	0	1	0	0	1	1	1
PLA2G4C	0	0	0	0	1	0	0	1	1	1
PLA2G4D	0	0	0	0	1	0	0	1	1	1
PLCH2	0	0	0	0	1	0	0	1	1	1
PLCZ1	0	0	0	0	1	0	0	1	1	1
PLEC	0	0	0	0	1	0	0	1	1	1
PLEKHG2	0	0	0	0	1	0	0	1	1	1
PLOD1	0	0	0	0	1	0	0	1	1	1
PLRG1	0	0	0	0	1	0	0	1	1	1
PLXNA4	0	0	0	0	1	0	0	1	1	1
PLXND1	0	1	0	0	0	0	0	1	1	1
PMPCB	0	0	0	0	1	0	0	1	1	1
POC1A	0	0	0	0	1	0	0	1	1	1
POLA2	1	0	0	0	0	0	0	1	1	1
POLR2E	0	0	0	0	0	1	0	1	1	1
POLR3B	0	0	0	0	1	0	0	1	1	1
POM121C	0	0	0	0	1	0	0	1	1	1
POM121L12	0	0	0	0	1	0	0	1	1	1
POSTN	0	0	0	0	1	0	0	1	1	1
POU5F1	0	0	0	0	1	0	0	1	1	1
POU6F2	0	0	0	0	0	1	0	1	1	1
PPAP2A	0	0	0	0	1	0	0	1	1	1
PPIC	0	0	0	0	1	0	0	1	1	1
PPL	0	0	0	0	1	0	0	1	1	1
PPP1R9A	0	0	0	0	1	0	0	1	1	1
PPP2R2B	0	0	0	0	1	0	0	1	1	1
PPPDE2	0	0	0	0	1	0	0	1	1	1
PRAMEF16	0	0	0	0	1	0	0	1	1	1
PRDM16	0	0	0	0	1	0	0	1	1	1
PRDM9	0	0	0	0	1	0	0	1	1	1
PRKAA2	0	0	0	0	0	1	0	1	1	1
PRKCG	0	0	0	0	1	0	0	1	1	1
PRKD3	0	0	0	0	1	0	0	1	1	1
PRODH2	0	0	0	0	0	1	0	1	1	1
PRPF3	0	0	0	0	1	0	0	1	1	1
PRPF4B	0	0	0	0	0	0	1	1	1	1
PRR21	0	0	0	0	1	0	0	1	1	1
PRUNE2	0	0	0	0	1	0	0	1	1	1
PRX	0	0	0	0	1	0	0	1	1	1
PTAR1	0	0	0	0	1	0	0	1	1	1
PTPN14	0	0	0	0	1	0	0	1	1	1
PTPN5	0	0	0	0	1	0	0	1	1	1
PTPRE	0	0	0	0	1	0	0	1	1	1
PTPRG	0	0	0	0	1	0	0	1	1	1
PTPRN	0	0	0	0	1	0	0	1	1	1
PUS1	0	0	0	0	1	0	0	1	1	1
PXDNL	0	0	0	0	1	0	0	1	1	1
PYGO2	0	0	0	0	1	0	0	1	1	1
QRICH2	0	0	0	0	1	0	0	1	1	1
R3HDM1	0	0	0	0	1	0	0	1	1	1
RAB11FIP1	0	0	0	0	1	0	0	1	1	1
RAB17	0	0	0	0	1	0	0	1	1	1
RAB23	0	0	0	0	1	0	0	1	1	1
RAB25	0	0	0	0	1	0	0	1	1	1
RALGAPA2	0	0	0	0	1	0	0	1	1	1
RAP1B	0	0	0	0	1	0	0	1	1	1
RAP1GDS1	0	0	0	0	1	0	0	1	1	1
RAPGEF2	0	0	0	0	0	1	0	1	1	1
RASSF7	0	0	0	0	1	0	0	1	1	1
RASSF9	0	0	0	0	1	0	0	1	1	1
RBKS	0	0	0	0	1	0	0	1	1	1
RBM41	0	0	0	0	1	0	0	1	1	1
RBM9	0	0	0	0	1	0	0	1	1	1
RBMX	0	0	0	0	1	0	0	1	1	1
RCAN2	0	0	0	0	1	0	0	1	1	1
RCC2	0	0	0	0	0	0	1	1	1	1
RFC1	0	0	0	0	1	0	0	1	1	1
RFX3	0	0	0	0	1	0	0	1	1	1
RFX4	0	0	0	0	1	0	0	1	1	1
RGL1	0	0	0	0	1	0	0	1	1	1
RGNEF	0	0	0	0	1	0	0	1	1	1
RIF1	0	0	0	0	1	0	0	1	1	1
RIN2	0	0	0	0	1	0	0	1	1	1
RIT1	0	0	0	0	1	0	0	1	1	1
RNASEN	0	0	0	0	1	0	0	1	1	1
RNF111	0	0	0	0	0	1	0	1	1	1
RNF25	0	0	0	0	1	0	0	1	1	1
RP1	0	0	0	0	1	0	0	1	1	1
RPL32	0	0	0	0	1	0	0	1	1	1
RPL4	0	0	0	0	1	0	0	1	1	1
RPL6	0	0	0	0	1	0	0	1	1	1
RPL9	0	0	0	0	1	0	0	1	1	1
RPS3A	0	0	0	0	1	0	0	1	1	1
RPS6KA6	0	0	0	0	1	0	0	1	1	1
RSRC2	0	0	0	0	1	0	0	1	1	1
RTN4RL1	0	0	0	0	1	0	0	1	1	1
RUFY1	0	0	0	0	1	0	0	1	1	1
RUNX1T1	0	0	0	0	0	1	0	1	1	1
RYR1	0	0	0	0	1	0	0	1	1	1
SACS	0	0	0	0	1	0	0	1	1	1
SAGE1	0	0	0	0	1	0	0	1	1	1
SAP130	0	0	0	0	1	0	0	1	1	1
SBF2	0	0	0	0	1	0	0	1	1	1
SCAND3	0	0	0	0	1	0	0	1	1	1
SCARA3	0	0	0	0	1	0	0	1	1	1
SCARA5	0	0	0	0	1	0	0	1	1	1
SCARB1	0	0	0	0	1	0	0	1	1	1
SCEL	0	0	0	0	1	0	0	1	1	1
SCML2	0	0	0	0	1	0	0	1	1	1
SCN3A	0	0	0	0	1	0	0	1	1	1
SCTR	0	0	0	0	1	0	0	1	1	1
SDK1	0	0	0	0	1	0	0	1	1	1
SDK2	0	0	0	0	1	0	0	1	1	1
SDR42E1	0	0	0	0	1	0	0	1	1	1
SECISBP2L	0	0	0	0	1	0	0	1	1	1
SEL1L2	0	0	0	0	1	0	0	1	1	1
SELENBP1	0	0	0	0	1	0	0	1	1	1
SEMA6D	0	0	0	0	1	0	0	1	1	1
SENP7	0	0	0	0	0	1	0	1	1	1
SERPINA12	0	0	0	0	1	0	0	1	1	1
SERPINB12	0	0	0	0	1	0	0	1	1	1
SERPINB4	0	0	0	0	1	0	0	1	1	1
SETD2	0	1	0	0	0	0	0	1	1	1
SF3B1	0	0	0	0	1	0	0	1	1	1
SFRS2	0	0	1	0	0	0	0	1	1	1
SFRS6	0	0	0	0	1	0	0	1	1	1
SH2B3	0	0	0	0	1	0	0	1	1	1
SH3BP4	0	0	0	0	1	0	0	1	1	1
SH3TC2	0	0	0	0	1	0	0	1	1	1
SHANK1	0	0	0	0	1	0	0	1	1	1
SHQ1	0	0	0	0	1	0	0	1	1	1
SHROOM2	0	0	0	0	0	1	0	1	1	1
SIDT2	0	0	0	0	1	0	0	1	1	1
SIGLEC1	0	0	0	0	1	0	0	1	1	1
SLAMF7	0	0	0	0	1	0	0	1	1	1
SLC12A1	0	0	0	0	1	0	0	1	1	1
SLC12A3	0	0	0	0	1	0	0	1	1	1
SLC13A1	0	0	0	0	1	0	0	1	1	1
SLC15A1	0	0	0	0	0	1	0	1	1	1
SLC16A14	0	0	0	0	0	1	0	1	1	1
SLC17A3	0	0	0	0	1	0	0	1	1	1
SLC17A7	0	0	0	0	1	0	0	1	1	1
SLC18A1	0	0	0	0	1	0	0	1	1	1
SLC18A2	0	0	0	0	1	0	0	1	1	1
SLC1A1	0	0	0	0	1	0	0	1	1	1
SLC24A3	0	0	0	0	1	0	0	1	1	1
SLC24A4	0	0	0	0	0	0	1	1	1	1
SLC27A6	0	0	0	0	1	0	0	1	1	1
SLC30A6	0	0	0	0	1	0	0	1	1	1
SLC37A2	0	0	0	0	1	0	0	1	1	1
SLC38A6	0	0	0	0	1	0	0	1	1	1
SLC39A5	0	1	0	0	0	0	0	1	1	1
SLC43A1	0	0	0	0	1	0	0	1	1	1
SLC4A3	0	0	0	0	0	0	1	1	1	1
SLC6A20	0	0	0	0	1	0	0	1	1	1
SLC6A9	0	0	0	0	1	0	0	1	1	1
SLC7A13	0	0	0	0	1	0	0	1	1	1
SLC7A7	0	0	0	0	1	0	0	1	1	1
SLCO3A1	0	0	0	0	1	0	0	1	1	1
SLCO5A1	0	0	0	0	1	0	0	1	1	1
SLFNL1	0	0	0	0	1	0	0	1	1	1
SLITRK1	0	0	0	0	1	0	0	1	1	1
SLPI	0	0	0	0	1	0	0	1	1	1
SLTM	0	0	0	0	1	0	0	1	1	1
SMAD9	0	0	0	0	1	0	0	1	1	1
SMARCA2	0	0	0	0	1	0	0	1	1	1
SMC5	0	0	0	0	1	0	0	1	1	1
SMEK1	0	0	0	0	1	0	0	1	1	1
SMOC2	0	0	0	0	1	0	0	1	1	1
SMURF2	0	0	0	0	1	0	0	1	1	1
SNCAIP	0	0	0	0	1	0	0	1	1	1
SNED1	0	0	0	0	1	0	0	1	1	1
SNRNP200	0	0	0	0	1	0	0	1	1	1
SON	0	0	0	0	1	0	0	1	1	1
SORCS3	0	0	0	0	1	0	0	1	1	1
SOS1	0	0	0	0	1	0	0	1	1	1
SOX5	0	0	0	0	1	0	0	1	1	1
SPACA1	0	0	0	0	1	0	0	1	1	1
SPAM1	0	0	0	0	1	0	0	1	1	1
SPATA21	0	0	0	0	1	0	0	1	1	1
SPATS2L	0	0	0	0	1	0	0	1	1	1
SPDYA	0	0	0	0	1	0	0	1	1	1
SPEG	0	0	0	0	0	1	0	1	1	1
SPESP1	0	0	0	0	1	0	0	1	1	1
SPG11	0	0	0	0	1	0	0	1	1	1
SPHKAP	0	0	0	0	1	0	0	1	1	1
SPRR4	0	0	0	0	1	0	0	1	1	1
SPTLC2	0	0	0	0	1	0	0	1	1	1
SRCRB4D	0	0	0	0	1	0	0	1	1	1
SREBF2	0	0	0	0	1	0	0	1	1	1
SRRM2	0	1	0	0	0	0	0	1	1	1
SSSCA1	0	0	1	0	0	0	0	1	1	1
SSTR4	0	0	0	0	1	0	0	1	1	1
ST8SIA4	0	0	0	0	1	0	0	1	1	1
STC2	0	1	0	0	0	0	0	1	1	1
STEAP1	0	0	0	0	1	0	0	1	1	1
STEAP2	0	0	0	0	0	1	0	1	1	1
STK32A	0	0	0	0	0	1	0	1	1	1
STK33	0	0	0	0	0	0	1	1	1	1
STK36	0	0	0	0	1	0	0	1	1	1
STRC	0	0	0	0	1	0	0	1	1	1
STRN	0	0	0	0	1	0	0	1	1	1
STT3B	0	0	0	0	1	0	0	1	1	1
STX3	0	0	0	0	0	0	1	1	1	1
STXBP5L	0	0	0	0	1	0	0	1	1	1
SUDS3	0	0	0	0	1	0	0	1	1	1
SULF1	0	0	0	0	1	0	0	1	1	1
SULT1B1	0	0	0	0	1	0	0	1	1	1
SULT1C2	0	0	0	0	1	0	0	1	1	1
SUMO2	0	1	0	0	0	0	0	1	1	1
SUPT5H	0	0	0	0	1	0	0	1	1	1
SYNE1	0	0	0	0	1	0	0	1	1	1
SYNJ1	0	0	0	0	1	0	0	1	1	1
SYT1	0	0	0	0	1	0	0	1	1	1
SYT17	0	0	0	0	1	0	0	1	1	1
SYTL4	0	0	0	0	1	0	0	1	1	1
SYTL5	0	0	0	0	1	0	0	1	1	1
TACC2	0	0	0	0	1	0	0	1	1	1
TBC1D2	0	0	0	0	1	0	0	1	1	1
TBC1D21	0	0	0	0	1	0	0	1	1	1
TBC1D4	0	0	0	0	1	0	0	1	1	1
TBC1D8	0	0	0	0	1	0	0	1	1	1
TBC1D8B	0	0	0	0	1	0	0	1	1	1
TBX15	0	0	0	0	1	0	0	1	1	1
TBX18	0	0	0	0	1	0	0	1	1	1
TCEANC	0	0	0	0	1	0	0	1	1	1
TCEB3B	0	0	0	0	1	0	0	1	1	1
TCERG1L	0	0	0	0	1	0	0	1	1	1
TCF4	0	1	0	0	0	0	0	1	1	1
TCHHL1	0	0	0	0	1	0	0	1	1	1
TCL1A	0	0	0	0	1	0	0	1	1	1
TCTE3	0	0	0	0	1	0	0	1	1	1
TDRD10	0	0	0	0	1	0	0	1	1	1
TEK	0	0	0	0	1	0	0	1	1	1
TFAM	0	0	0	0	1	0	0	1	1	1
TGFBI	0	0	0	0	1	0	0	1	1	1
THEG	0	0	0	0	1	0	0	1	1	1
THOC5	0	0	0	0	1	0	0	1	1	1
THRB	0	0	0	0	1	0	0	1	1	1
TJAP1	0	0	0	0	1	0	0	1	1	1
TJP1	0	0	0	0	1	0	0	1	1	1
TLE6	0	0	0	0	1	0	0	1	1	1
TLR4	1	0	0	0	0	0	0	1	1	1
TM7SF4	0	0	0	0	1	0	0	1	1	1
TM9SF4	0	0	0	0	1	0	0	1	1	1
TMCO5A	0	0	0	0	1	0	0	1	1	1
TMEM104	0	0	0	0	0	1	0	1	1	1
TMEM108	0	0	0	0	1	0	0	1	1	1
TMEM18	0	0	0	0	1	0	0	1	1	1
TMEM198	0	0	0	0	1	0	0	1	1	1
TMEM200A	0	0	0	0	1	0	0	1	1	1
TMEM231	0	0	0	0	1	0	0	1	1	1
TMEM47	0	0	0	0	1	0	0	1	1	1
TMEM55A	0	0	0	0	1	0	0	1	1	1
TMPRSS13	0	0	0	0	1	0	0	1	1	1
TMTC2	0	0	0	0	1	0	0	1	1	1
TMTC4	0	0	0	0	1	0	0	1	1	1
TNNC2	0	0	0	0	1	0	0	1	1	1
TP73	0	0	0	0	1	0	0	1	1	1
TPH1	0	0	0	0	0	1	0	1	1	1
TPO	0	0	0	0	1	0	0	1	1	1
TPRG1	0	0	0	0	1	0	0	1	1	1
TPTE2	0	0	0	0	1	0	0	1	1	1
TRA2B	0	0	0	0	1	0	0	1	1	1
TRAM1L1	0	0	0	0	1	0	0	1	1	1
TRIM24	0	0	0	0	1	0	0	1	1	1
TRIM45	0	0	0	0	1	0	0	1	1	1
TRIM48	0	0	0	0	1	0	0	1	1	1
TRIO	0	0	0	0	1	0	0	1	1	1
TRIP4	0	0	0	0	0	0	1	1	1	1
TRNT1	0	0	0	0	1	0	0	1	1	1
TRO	0	0	0	0	1	0	0	1	1	1
TROAP	0	0	0	0	1	0	0	1	1	1
TRPC1	0	0	0	0	1	0	0	1	1	1
TRPC4AP	0	0	0	0	1	0	0	1	1	1
TRPM4	0	0	0	0	1	0	0	1	1	1
TRPM8	0	0	0	0	1	0	0	1	1	1
TSHZ3	0	0	0	0	1	0	0	1	1	1
TSKS	0	0	0	0	1	0	0	1	1	1
TSPAN2	0	0	0	0	0	0	1	1	1	1
TSPYL5	0	0	0	0	1	0	0	1	1	1
TTC26	0	0	0	0	0	1	0	1	1	1
TTLL2	0	0	0	0	1	0	0	1	1	1
TUBA1A	0	0	0	0	1	0	0	1	1	1
TUBGCP6	0	0	0	0	1	0	0	1	1	1
TUFT1	0	0	0	0	1	0	0	1	1	1
TUSC3	0	0	0	0	1	0	0	1	1	1
TYRO3	0	0	0	0	1	0	0	1	1	1
UBE2R2	0	0	1	0	0	0	0	1	1	1
UBN2	0	0	0	0	1	0	0	1	1	1
UBP1	0	0	0	0	1	0	0	1	1	1
UGT1A10	0	0	0	0	1	0	0	1	1	1
UNC45B	0	0	0	0	1	0	0	1	1	1
UPF1	0	0	0	0	1	0	0	1	1	1
UQCC	0	0	0	0	1	0	0	1	1	1
UQCR10	0	0	0	0	1	0	0	1	1	1
USP10	1	0	0	0	0	0	0	1	1	1
USP11	0	0	0	0	1	0	0	1	1	1
USP24	0	0	0	0	0	0	1	1	1	1
USP34	0	0	0	0	0	1	0	1	1	1
USP48	0	0	0	0	0	1	0	1	1	1
USP6	0	0	0	0	0	0	1	1	1	1
USP9X	0	1	0	0	0	0	0	1	1	1
VARS2	0	0	0	0	1	0	0	1	1	1
VASH1	0	0	0	0	1	0	0	1	1	1
VCAM1	0	0	0	0	1	0	0	1	1	1
VCAN	0	0	0	0	1	0	0	1	1	1
VIPR1	0	0	0	0	1	0	0	1	1	1
VLDLR	0	0	0	0	1	0	0	1	1	1
VPS13B	0	0	0	0	1	0	0	1	1	1
VPS13C	0	0	0	0	1	0	0	1	1	1
VPS13D	0	0	0	0	1	0	0	1	1	1
VPS26B	0	0	0	0	1	0	0	1	1	1
VPS72	0	0	0	0	1	0	0	1	1	1
VWA3B	0	1	0	0	0	0	0	1	1	1
VWCE	1	0	0	0	0	0	0	1	1	1
WAPAL	0	0	0	0	1	0	0	1	1	1
WBSCR17	0	0	0	0	0	1	0	1	1	1
WDR27	0	0	0	0	1	0	0	1	1	1
WDR35	0	0	0	0	1	0	0	1	1	1
WEE1	0	0	0	0	1	0	0	1	1	1
WEE2	0	0	0	0	1	0	0	1	1	1
WIPF1	0	0	0	0	1	0	0	1	1	1
WLS	0	0	0	0	1	0	0	1	1	1
WNK1	0	0	0	0	1	0	0	1	1	1
WNK3	0	0	0	0	1	0	0	1	1	1
WNK4	0	0	0	0	1	0	0	1	1	1
WRN	0	0	0	0	1	0	0	1	1	1
WSCD1	0	0	0	0	1	0	0	1	1	1
WSCD2	0	0	0	0	1	0	0	1	1	1
XIRP1	0	0	0	0	1	0	0	1	1	1
XIRP2	0	0	0	0	1	0	0	1	1	1
XKR4	0	0	0	0	1	0	0	1	1	1
YEATS2	0	0	0	0	1	0	0	1	1	1
ZBED4	0	0	0	0	1	0	0	1	1	1
ZBTB7B	0	0	0	0	1	0	0	1	1	1
ZC3HC1	0	0	0	0	1	0	0	1	1	1
ZFC3H1	0	0	0	0	1	0	0	1	1	1
ZFHX3	0	0	0	0	1	0	0	1	1	1
ZFHX4	0	0	0	0	1	0	0	1	1	1
ZFP42	0	0	0	0	1	0	0	1	1	1
ZMYND10	0	0	0	0	1	0	0	1	1	1
ZNF133	0	0	0	0	1	0	0	1	1	1
ZNF213	0	0	0	0	1	0	0	1	1	1
ZNF229	0	0	0	0	1	0	0	1	1	1
ZNF236	0	0	0	0	1	0	0	1	1	1
ZNF254	0	0	0	0	1	0	0	1	1	1
ZNF260	0	0	0	0	1	0	0	1	1	1
ZNF311	0	0	0	0	1	0	0	1	1	1
ZNF324B	0	0	0	0	1	0	0	1	1	1
ZNF37A	0	0	0	0	1	0	0	1	1	1
ZNF394	0	0	0	0	1	0	0	1	1	1
ZNF420	0	0	0	0	0	1	0	1	1	1
ZNF43	0	0	0	0	1	0	0	1	1	1
ZNF460	0	0	0	0	1	0	0	1	1	1
ZNF462	0	0	0	0	1	0	0	1	1	1
ZNF485	0	0	0	0	1	0	0	1	1	1
ZNF486	0	0	0	0	1	0	0	1	1	1
ZNF502	0	0	0	0	1	0	0	1	1	1
ZNF518B	0	0	0	0	1	0	0	1	1	1
ZNF548	0	0	0	0	1	0	0	1	1	1
ZNF616	0	0	0	0	1	0	0	1	1	1
ZNF638	0	0	0	0	1	0	0	1	1	1
ZNF642	0	0	0	0	1	0	0	1	1	1
ZNF646	0	0	0	0	1	0	0	1	1	1
ZNF677	0	0	0	0	1	0	0	1	1	1
ZNF689	0	0	0	0	1	0	0	1	1	1
ZNF75D	0	0	0	0	1	0	0	1	1	1
ZNF827	1	0	0	0	0	0	0	1	1	1
ZNF99	0	0	0	0	1	0	0	1	1	1
ZPBP	0	0	0	0	1	0	0	1	1	1
